104.0807222,30.6385556
104.08075,30.6385278
104.0807222,30.6385833
104.08075,30.6386389
104.0806944,30.6386667
104.0808333,30.6385833
104.0810278,30.6385556
104.0811389,30.6386389
104.0811667,30.6386389
104.0813333,30.6383333
104.0814167,30.638
104.0816389,30.6375278
104.0820833,30.6367778
104.0823333,30.6364167
104.0824722,30.6368056
104.0826389,30.6375833
104.0827222,30.6379722
104.0826944,30.638
104.0821111,30.6379167
104.0816944,30.6377778
104.0813611,30.6378611
104.081,30.6384167
104.0805,30.6390278
104.0803611,30.63925
104.0803611,30.63925
104.0822778,30.6401111
104.0825,30.6402222
104.0825,30.6402222
104.0825,30.6402222
104.0849444,30.6414444
104.0853333,30.6412778
104.0855833,30.6413333
104.0861389,30.6416944
104.0867222,30.6414722
104.0871667,30.641
104.0877778,30.6402778
104.0883056,30.6395278
104.08875,30.6386667
104.0890833,30.6378889
104.0894167,30.6367778
104.0896667,30.636
104.0898333,30.6350556
104.0893889,30.6340833
104.0888889,30.6329444
104.0885278,30.6321944
104.0880833,30.6312778
104.0875833,30.6302778
104.0871944,30.6296389
104.0866389,30.6295556
104.0854167,30.6295278
104.0845278,30.6293333
104.0839444,30.6290556
104.0832778,30.6285278
104.0827222,30.6278889
104.0821389,30.6273333
104.0816111,30.6275833
104.0809444,30.6280278
104.0800833,30.6285278
104.0794167,30.6289444
104.0791389,30.6289722
104.0790556,30.6291389
104.0791667,30.6293611
104.0793611,30.6298889
104.0797222,30.6304722
104.0800833,30.6303611
104.0805,30.6301944
104.0808056,30.6300833
104.0813889,30.6298611
104.0821944,30.6295556
104.0826667,30.6294167
104.0827778,30.6293611
104.0828056,30.6293333
104.0826944,30.6291944
104.0826389,30.6289722
104.0824167,30.6287222
104.0821944,30.6288333
104.0818611,30.6288889
104.0813611,30.6290278
104.0811111,30.6292222
104.08125,30.6295556
104.0814444,30.6299167
104.0810278,30.6300278
104.0803611,30.6301944
104.0799722,30.6303333
104.0798889,30.6306389
104.0801944,30.6312778
104.0805556,30.6320833
104.08075,30.6324722
104.0811111,30.6332222
104.0813889,30.6335556
104.0819444,30.6334167
104.0827778,30.6330833
104.0836667,30.6327778
104.08425,30.6325833
104.0851111,30.6322778
104.0858611,30.632
104.0861389,30.6318889
104.0865,30.63175
104.0870556,30.6315556
104.0873056,30.6318056
104.0875,30.6323056
104.0877222,30.63275
104.0879444,30.63325
104.0881944,30.6337778
104.0885,30.6344167
104.0880833,30.6347778
104.0875,30.635
104.087,30.6351667
104.0863056,30.6353611
104.0860556,30.6348333
104.0858889,30.6345
104.0855,30.6340278
104.0852222,30.6333611
104.0850278,30.6328333
104.0846667,30.6324444
104.0841944,30.6326111
104.0840556,30.6329722
104.0843056,30.6335833
104.0845556,30.6341111
104.0848333,30.6346944
104.0850278,30.6351389
104.0851944,30.6357222
104.0853056,30.6360556
104.0854444,30.6363056
104.0854167,30.6363056
104.0854722,30.6362778
104.0853889,30.6361944
104.0851667,30.63575
104.0850278,30.6351667
104.0848056,30.6348056
104.0841111,30.6350556
104.0838333,30.6350556
104.0836389,30.6345833
104.0832778,30.63375
104.0831111,30.6333611
104.0831111,30.63325
104.0831111,30.6332222
104.0831111,30.6332222
104.0830833,30.6332222
104.0830833,30.6332222
104.0830833,30.6332222
104.0830278,30.6332778
104.0830278,30.6334167
104.0832222,30.6337778
104.0832222,30.6339444
104.0828056,30.6341111
104.08275,30.6341389
104.0826944,30.6341944
104.0827222,30.6342222
104.0830278,30.6340833
104.0833333,30.6339722
104.0835556,30.6343889
104.0838333,30.6349167
104.08375,30.63525
104.0831667,30.6354167
104.0825,30.6356389
104.0821111,30.6356667
104.0818333,30.6350278
104.0814722,30.6341944
104.0812222,30.6336667
104.0809167,30.6336944
104.0804444,30.6338611
104.0799167,30.6340556
104.0795556,30.6343056
104.0796944,30.63475
104.0798611,30.6351111
104.0798333,30.6354444
104.0794722,30.636
104.07925,30.6363611
104.079,30.6366389
104.0784167,30.6363333
104.0781389,30.6362222
104.0781667,30.6361944
104.0781944,30.6361944
104.0785278,30.6363611
104.0788889,30.6365556
104.07925,30.6363333
104.0795,30.6358889
104.0798611,30.6353056
104.0798333,30.6350833
104.0795278,30.6351944
104.0789722,30.6354167
104.0783611,30.6356111
104.0780556,30.6357778
104.0778056,30.6360278
104.0772222,30.63575
104.0765833,30.6354722
104.0759722,30.6351667
104.0751944,30.63475
104.0750278,30.6344167
104.0751944,30.6341111
104.0752778,30.6341111
104.0752222,30.6342222
104.0750278,30.6344722
104.0749722,30.6345556
104.0749722,30.6345556
104.0749722,30.6345556
104.0749722,30.6345556
104.0749722,30.6345556
104.0749722,30.6345556
104.0749722,30.6345556
104.0776111,30.6340833
104.0776111,30.6340833
104.0776111,30.6340833
104.0776111,30.6340833
104.0776111,30.6340833
104.0776111,30.6340833
104.0784444,30.6327778
104.0786389,30.6324722
104.0789722,30.6318889
104.0791389,30.6315833
104.0790833,30.6315
104.0789444,30.6313611
104.0783611,30.6310556
104.0779167,30.6308333
104.0773889,30.6305556
104.0770556,30.6303333
104.0767222,30.6301944
104.0765556,30.6306111
104.0765556,30.6310556
104.0769167,30.6314167
104.07675,30.6318889
104.0764722,30.6323333
104.0761944,30.6327222
104.0758611,30.6332222
104.0756667,30.6335
104.0754167,30.6339167
104.076,30.63425
104.0766667,30.6345833
104.0770833,30.6347778
104.0774444,30.6343056
104.0779167,30.6336111
104.0782778,30.6330278
104.07875,30.6321944
104.0791667,30.6315
104.0795556,30.6309722
104.0798611,30.6305556
104.0796944,30.6301389
104.0794444,30.6294167
104.0793333,30.6291111
104.0793056,30.6290833
104.0793056,30.6291667
104.0794167,30.6295
104.0797778,30.6303056
104.0798333,30.6305556
104.0795556,30.6309167
104.0791111,30.6314444
104.0787222,30.63125
104.0783611,30.6310556
104.07775,30.6306944
104.0772222,30.6304167
104.0768889,30.6302222
104.0765833,30.6298889
104.0766389,30.62925
104.0759167,30.6291944
104.0749444,30.6291389
104.0744444,30.6291111
104.0744444,30.6291111
104.0744444,30.6291111
104.0744444,30.6291111
104.0742778,30.6291111
104.0740833,30.6298333
104.0740278,30.6309722
104.0739722,30.6318611
104.0738333,30.6333056
104.0736944,30.6348333
104.0736111,30.6363056
104.0735556,30.6373611
104.0735278,30.6385556
104.0735278,30.6393889
104.0735,30.6400833
104.0734722,30.6405833
104.0733611,30.6414167
104.07325,30.64225
104.0731111,30.6435556
104.0730556,30.6445556
104.0736944,30.6446389
104.0745833,30.6443333
104.0757778,30.6439167
104.0762222,30.6437222
104.0764722,30.6436944
104.0765,30.6436389
104.0765,30.6436389
104.0765278,30.6436111
104.0765278,30.6436111
104.0765278,30.6436111
104.0766944,30.6434167
104.0765,30.6426667
104.0761667,30.6420278
104.0763611,30.6417778
104.0773889,30.6415
104.0781667,30.6411944
104.0792222,30.6410278
104.08,30.6411667
104.0800556,30.6417778
104.0802778,30.6421944
104.0802222,30.6420556
104.0802222,30.642
104.08025,30.642
104.0803611,30.64225
104.0808333,30.643
104.0811111,30.6435556
104.0811944,30.64375
104.0812778,30.6439167
104.0813056,30.6440278
104.0813333,30.6441111
104.0813611,30.6440556
104.0813889,30.6439722
104.0811667,30.6437222
104.0809444,30.6437222
104.0804167,30.6439167
104.0794444,30.64425
104.0785833,30.6445278
104.0777222,30.6448611
104.0771389,30.6450833
104.0761389,30.6453889
104.0751389,30.6457222
104.0745278,30.6459444
104.0747222,30.6462778
104.0748333,30.6466389
104.0751389,30.647
104.0748056,30.6475
104.0736944,30.64775
104.0726944,30.6478333
104.0725278,30.6482778
104.0726667,30.6486111
104.0736944,30.6485278
104.0747778,30.6484722
104.0753611,30.6483889
104.0764444,30.6479167
104.0777778,30.6471389
104.0786389,30.64675
104.0793611,30.6463611
104.0798333,30.6460833
104.08025,30.6459444
104.0809722,30.6456389
104.0821389,30.64525
104.0831944,30.6450556
104.0843611,30.6445833
104.0855833,30.6441944
104.0863611,30.6435833
104.0870833,30.64275
104.0879444,30.6418333
104.0888056,30.6407778
104.0895556,30.63975
104.0900278,30.6388889
104.0901389,30.6386944
104.0901389,30.6387222
104.0901667,30.63875
104.0902222,30.6387222
104.0903889,30.6383333
104.0907778,30.6373056
104.0910278,30.6362222
104.09125,30.6353889
104.0914722,30.6346389
104.0918889,30.63375
104.0922778,30.6327778
104.0924444,30.632
104.0930833,30.6314722
104.0942778,30.6306944
104.0951389,30.6301667
104.0960278,30.6296111
104.0965278,30.6293333
104.0965278,30.6293333
104.0965278,30.6293333
104.0965278,30.6293333
104.0965278,30.6293333
104.0965278,30.6293333
104.0965278,30.6293333
104.0965278,30.6293333
104.0965278,30.6293333
104.0965278,30.6293333
104.0965278,30.6293333
104.0965278,30.6293333
104.0965278,30.6293333
104.0969722,30.6291111
104.0970556,30.6290833
104.0970278,30.6291111
104.0973889,30.6295
104.0976667,30.6298611
104.0980278,30.6304167
104.0983611,30.6309444
104.0985833,30.6313056
104.0988611,30.63175
104.09925,30.6323611
104.0995833,30.6329167
104.1,30.6335556
104.1003056,30.6340278
104.1004444,30.6342778
104.1005278,30.6344167
104.1005278,30.6343889
104.1005833,30.6345556
104.1000278,30.6349167
104.0992778,30.63525
104.0983056,30.6356944
104.0973333,30.6361389
104.0970278,30.6363056
104.0969167,30.6363611
104.0964444,30.6361389
104.0960833,30.6353611
104.0956944,30.6346944
104.09525,30.6340278
104.0948056,30.6341944
104.0943333,30.6344167
104.0935,30.6347222
104.0925556,30.635
104.0918611,30.6349722
104.0914444,30.6349167
104.0912778,30.6351944
104.0911389,30.6355556
104.0908611,30.6364167
104.0906389,30.6373611
104.0903889,30.6381111
104.0903611,30.6381944
104.0903611,30.6381944
104.0903611,30.6381667
104.0903056,30.6383611
104.0908611,30.6388056
104.0914167,30.6389444
104.0923611,30.6384167
104.0935,30.6375556
104.0935,30.6375556
104.0935,30.6375556
104.0935,30.6375556
104.0964444,30.6365833
104.0964722,30.6365556
104.0965,30.6365278
104.0965,30.6365278
104.0965,30.6365278
104.0965833,30.6365
104.0969444,30.6366944
104.09725,30.6373056
104.0978889,30.6383611
104.0983889,30.6391944
104.0986667,30.6395556
104.0988056,30.6397778
104.0990833,30.6399444
104.0999722,30.6396389
104.1009444,30.6391667
104.1013889,30.6389444
104.1016667,30.6387778
104.1016111,30.6388889
104.1010833,30.6391389
104.1003889,30.6394444
104.0993889,30.6398889
104.0990833,30.6400556
104.0990833,30.6400278
104.0991111,30.6400278
104.0991111,30.64
104.0991667,30.64
104.0991944,30.64
104.0991667,30.6400556
104.0986667,30.64025
104.0982222,30.6404444
104.0975,30.6408611
104.0965,30.6413889
104.0956667,30.6417778
104.0950556,30.6421111
104.0944722,30.6423611
104.0939722,30.6419722
104.0931667,30.6414167
104.0926667,30.6410833
104.0923333,30.6411111
104.09175,30.6417222
104.0913333,30.6421944
104.0909167,30.6426667
104.0906667,30.6430833
104.0901389,30.6435
104.0898611,30.6439444
104.0905,30.6444444
104.091,30.6448611
104.0917778,30.6454444
104.0925,30.6458611
104.0930556,30.6456944
104.0935278,30.6449722
104.094,30.64475
104.09475,30.6449167
104.0949722,30.6444722
104.0949167,30.6441111
104.0946667,30.6441944
104.0940833,30.6445
104.0937222,30.6448889
104.0931667,30.6454722
104.0928889,30.6459167
104.0931944,30.6463333
104.094,30.6463056
104.0953611,30.6456667
104.09625,30.6452222
104.0962222,30.6446389
104.0960556,30.6441667
104.0963889,30.6435833
104.0966944,30.643
104.0970278,30.6423056
104.0972222,30.64175
104.0972778,30.6415278
104.0972222,30.6416111
104.0972778,30.6416111
104.0975833,30.6418056
104.0981667,30.6422222
104.09825,30.6424444
104.09825,30.6424444
104.0981944,30.6424722
104.0979167,30.64225
104.0974722,30.6418056
104.0973056,30.6413611
104.0975833,30.641
104.0978056,30.6406667
104.09875,30.6401944
104.09925,30.6405
104.0997222,30.6413056
104.1003056,30.64225
104.1007222,30.6428611
104.10075,30.6429444
104.10075,30.643
104.10075,30.6430278
104.10075,30.6430278
104.1007222,30.6430556
104.10075,30.6431389
104.1008056,30.6435278
104.1002778,30.6438333
104.0990556,30.6443056
104.0984444,30.6446667
104.09875,30.6452778
104.0986389,30.6459722
104.0987778,30.6463889
104.0996389,30.6461389
104.1002778,30.64575
104.1008333,30.6459167
104.1013056,30.6454167
104.1018056,30.6445833
104.1021389,30.6452778
104.1025278,30.6458889
104.1033889,30.6472778
104.1034167,30.6473056
104.1033889,30.6473056
104.1033889,30.6473056
104.1036944,30.6477778
104.1045278,30.6491389
104.1051111,30.6500278
104.1056944,30.6508333
104.1059722,30.6513333
104.1049167,30.6520833
104.1038333,30.6526111
104.103,30.6530278
104.1016667,30.6536389
104.1005,30.6541389
104.0999444,30.6535
104.0993889,30.6525278
104.0988333,30.6516944
104.0985,30.65075
104.0980556,30.6503611
104.0973611,30.6506111
104.0963889,30.6510556
104.0955278,30.6514722
104.0946667,30.6518889
104.0939167,30.6522778
104.0938056,30.6526667
104.0941389,30.6531944
104.0947222,30.6541389
104.0951389,30.6548611
104.0955556,30.6555278
104.0957778,30.6558889
104.09575,30.6558611
104.09575,30.6558611
104.0959444,30.6561944
104.0963333,30.6568333
104.0967778,30.6575278
104.0973056,30.6583056
104.0977778,30.6590556
104.0981944,30.6595556
104.0985278,30.6595
104.0993333,30.6591389
104.0996111,30.6590278
104.09975,30.6589444
104.1001944,30.6587778
104.10075,30.6584444
104.1017778,30.6579722
104.1024167,30.6575
104.102,30.65675
104.1015,30.6559167
104.101,30.6550833
104.1006667,30.6545833
104.1006667,30.6545556
104.1006389,30.6545556
104.1006389,30.6545833
104.1006111,30.6545
104.1005278,30.6540833
104.1011944,30.6537778
104.10175,30.6535833
104.10175,30.6535833
104.10175,30.6535833
104.10175,30.6535833
104.10175,30.6535833
104.10625,30.6517778
104.1063333,30.6519722
104.1067222,30.6526389
104.1070278,30.6531944
104.1076944,30.6541944
104.1079444,30.6545833
104.1079167,30.6545833
104.1079444,30.6546111
104.108,30.6546111
104.1080556,30.6546667
104.10825,30.6550833
104.10825,30.6557778
104.1082778,30.6563056
104.10825,30.6571667
104.1082778,30.6580556
104.10825,30.6588333
104.1081667,30.6595833
104.1071389,30.6596667
104.1062222,30.6596667
104.1053056,30.6596944
104.1041389,30.6598333
104.1034444,30.6602222
104.1035278,30.6611389
104.1035833,30.6619444
104.1035833,30.6628333
104.1036111,30.6636111
104.1035833,30.6636944
104.1035278,30.6636944
104.1035833,30.6639722
104.1043056,30.6641111
104.1054722,30.6640556
104.1062778,30.6639722
104.1063056,30.6636944
104.1063056,30.6630556
104.1062778,30.6624722
104.1062778,30.6622778
104.1062778,30.6622778
104.1062778,30.6622778
104.1062778,30.6622778
104.1063056,30.6623056
104.1063333,30.6623333
104.1062778,30.6623056
104.1062778,30.6624167
104.1062778,30.6624167
104.1062778,30.6624167
104.1063333,30.6639167
104.1068333,30.6640278
104.10775,30.664
104.1078333,30.6639722
104.1078333,30.6639722
104.1079444,30.6639722
104.1082778,30.664
104.1082778,30.664
104.1082778,30.664
104.1083333,30.6640556
104.1083889,30.6645556
104.1085556,30.6653333
104.1089167,30.6655556
104.1098611,30.6658056
104.1103333,30.666
104.1106667,30.6657222
104.1109167,30.6652222
104.1109722,30.6651111
104.1109722,30.6651111
104.1109722,30.6651111
104.1109444,30.6651111
104.1109444,30.6651111
104.1109444,30.6651111
104.1099722,30.6651111
104.1099722,30.6651111
104.1099722,30.6651111
104.1104167,30.6668611
104.1104167,30.6668611
104.1093611,30.6690833
104.1093611,30.6690833
104.1093889,30.6690833
104.1093889,30.6690833
104.1093889,30.6690833
104.1093889,30.6690833
104.1078333,30.6689444
104.1071944,30.6687222
104.1063611,30.6684722
104.1053889,30.6681667
104.1041389,30.6678056
104.1030278,30.6674722
104.1025833,30.6676389
104.1021667,30.6686389
104.1019167,30.6693889
104.1027222,30.6696667
104.1036111,30.6699444
104.1045,30.6702222
104.1043889,30.6707778
104.1040833,30.6716111
104.1038333,30.67225
104.1044722,30.6725278
104.1052222,30.6728056
104.1062222,30.6731389
104.1070556,30.6735833
104.1070833,30.6736389
104.1072222,30.6729167
104.1075278,30.6731667
104.1062778,30.6730278
104.1051111,30.6727222
104.1038611,30.6723889
104.1027222,30.6720556
104.10175,30.6717778
104.1009722,30.6716667
104.1006667,30.6723611
104.1003333,30.6731667
104.1,30.6736111
104.0994167,30.6734722
104.0986667,30.67325
104.0978333,30.6729722
104.0971111,30.6727778
104.0967778,30.6726389
104.0964722,30.6729722
104.0961111,30.6738333
104.0958333,30.6745
104.0957778,30.6746389
104.0958056,30.6746389
104.0958056,30.6746389
104.0958056,30.6746389
104.0958056,30.6746389
104.0958056,30.6746389
104.0956667,30.6746944
104.0949167,30.6744722
104.0941944,30.67425
104.0935,30.6740556
104.09325,30.674
104.0930278,30.6739167
104.0922222,30.6736667
104.0913611,30.6733889
104.0902778,30.6730556
104.0901111,30.6729167
104.0906389,30.6731111
104.0916667,30.6734444
104.0926667,30.6737778
104.0931667,30.6731944
104.0934444,30.6723333
104.0937778,30.6714722
104.0941111,30.6706389
104.0943889,30.6699444
104.0944722,30.6698056
104.0946111,30.6695278
104.0948056,30.669
104.0950833,30.6680833
104.0954167,30.6673333
104.0953889,30.6662778
104.0947222,30.6655
104.0940833,30.6650556
104.0938056,30.6649167
104.0931944,30.6645278
104.0923056,30.6636944
104.0918889,30.663
104.0915,30.6628889
104.0905278,30.6633333
104.0894722,30.6638611
104.0884444,30.6643333
104.0873611,30.6648333
104.0862222,30.6654444
104.0851944,30.6659167
104.0841944,30.6664167
104.0838889,30.6665556
104.0839167,30.6665278
104.0839167,30.6665278
104.0838611,30.6665278
104.0836389,30.6665833
104.0836111,30.6665278
104.0836111,30.6665278
104.0836111,30.6665
104.0836111,30.6665
104.0836111,30.6665
104.0834167,30.6665278
104.0828056,30.6657778
104.0823611,30.6649722
104.082,30.664
104.0815278,30.6632778
104.0811667,30.663
104.0806667,30.6621944
104.0802222,30.6615
104.0798333,30.6608056
104.0794167,30.6599722
104.0790556,30.6595
104.0790278,30.6595278
104.0790278,30.6595556
104.079,30.6595556
104.079,30.6595556
104.079,30.6595556
104.0789722,30.6595278
104.0789444,30.6591389
104.0795556,30.6588056
104.0804444,30.6583889
104.0808333,30.65825
104.0808889,30.6582222
104.0809167,30.6582222
104.0809167,30.6581944
104.0809167,30.6581667
104.0809167,30.6581667
104.0812778,30.6582778
104.0816389,30.6588889
104.0819444,30.6593611
104.0822222,30.65975
104.0825556,30.6603611
104.0826389,30.66125
104.0829444,30.6617778
104.0830833,30.6619722
104.0830833,30.6619444
104.0830833,30.6619444
104.0830833,30.6619167
104.0831111,30.6618333
104.0828611,30.6613889
104.0825278,30.6608333
104.0824167,30.6603333
104.0821389,30.6596944
104.08225,30.6593056
104.0831111,30.659
104.0837222,30.6588611
104.0839722,30.6593611
104.0845,30.6600556
104.0851944,30.6603333
104.0859444,30.6601111
104.0863889,30.6600278
104.0867222,30.6605278
104.0871111,30.66125
104.0875556,30.6619444
104.0879167,30.6625278
104.0874444,30.6629722
104.0873333,30.66325
104.0869167,30.6636111
104.08625,30.6638611
104.08575,30.6638889
104.0848333,30.6639167
104.0843611,30.6641389
104.0838333,30.6644722
104.08325,30.6645833
104.08325,30.6645833
104.0832222,30.6645833
104.0827778,30.6648056
104.0827778,30.6652778
104.0833056,30.6661667
104.0838056,30.6663611
104.08475,30.6659722
104.0860278,30.6654167
104.0872778,30.6648333
104.0885556,30.6644167
104.08975,30.6638889
104.0908333,30.6632778
104.0913611,30.6628889
104.0913889,30.6628333
104.0913611,30.6628333
104.0916111,30.6626111
104.0913889,30.6620833
104.0908333,30.6611667
104.09025,30.6604167
104.0899167,30.6599722
104.0894167,30.6594444
104.0898056,30.6590833
104.0908611,30.6586111
104.092,30.6581667
104.0928611,30.6579167
104.0938056,30.6574167
104.0943611,30.6571389
104.0945278,30.6570556
104.0946389,30.6570278
104.09475,30.6569167
104.0949722,30.6571111
104.0950556,30.6571389
104.0950556,30.6571944
104.0950556,30.65725
104.0950556,30.65725
104.0950556,30.65725
104.0950833,30.65725
104.0950833,30.6572222
104.0951111,30.6572222
104.0950278,30.6570278
104.0948611,30.6568889
104.0946111,30.6570833
104.0941389,30.65725
104.0935278,30.6574722
104.0928333,30.6578056
104.092,30.6580556
104.0917222,30.6577222
104.09125,30.6568889
104.0907222,30.6560278
104.0903611,30.6554444
104.0900278,30.6548333
104.0896944,30.6543056
104.0889167,30.6545278
104.0880556,30.6548889
104.0874722,30.6551944
104.0871667,30.6553333
104.0863889,30.6556667
104.0855278,30.6560556
104.0853889,30.6560833
104.0853889,30.6560833
104.0852222,30.6560833
104.0848611,30.6556944
104.0841944,30.6545833
104.0836389,30.6536667
104.0832778,30.6529167
104.0829167,30.6520556
104.0828889,30.6518333
104.0828889,30.6518611
104.0828889,30.6518611
104.0830833,30.6513333
104.0839722,30.6508889
104.08525,30.6503333
104.0863056,30.6500556
104.0876111,30.64975
104.0878333,30.6495
104.0878056,30.6494444
104.0877778,30.6494444
104.0877778,30.6494167
104.0878889,30.6493889
104.0878611,30.6491111
104.0875556,30.6485833
104.0875278,30.6485833
104.0875,30.6485833
104.08775,30.6489444
104.0885278,30.6491111
104.0897222,30.6486944
104.0906667,30.6481944
104.0907222,30.64775
104.0902222,30.6469444
104.0895,30.6458333
104.0888333,30.64475
104.0881667,30.6436667
104.0873333,30.6433056
104.0865833,30.6437222
104.0864444,30.644
104.0861111,30.6445
104.08575,30.6449722
104.0851389,30.6456944
104.0847778,30.6462778
104.08425,30.6471944
104.0837778,30.6479167
104.0836667,30.6480278
104.0836667,30.6480278
104.0820278,30.6497222
104.0823889,30.649
104.0823889,30.649
104.1093611,30.6690833
104.1093611,30.6690833
104.1093889,30.6690833
104.1093889,30.6690833
104.1093889,30.6690833
104.1093889,30.6690833
104.0813056,30.6478333
104.0812222,30.6475833
104.0809722,30.6468056
104.0806111,30.6458889
104.0811111,30.6455
104.0821111,30.6451944
104.0832778,30.6449444
104.0848333,30.6443611
104.0861389,30.6438333
104.0870278,30.6433889
104.0872778,30.6429444
104.0864167,30.6423889
104.0853333,30.6417222
104.0839722,30.6410556
104.0827778,30.6404722
104.0813056,30.6398333
104.0802778,30.6395556
104.079,30.6386667
104.0778056,30.6381111
104.077,30.6375833
104.0759444,30.6371667
104.0743889,30.6364722
104.0735556,30.6360833
104.0735,30.63525
104.0735833,30.6344444
104.0736667,30.6338056
104.0737778,30.6326944
104.0738611,30.6315556
104.0739444,30.6301389
104.0740278,30.6288056
104.0740833,30.6275833
104.0741667,30.6263333
104.0741667,30.6255833
104.0743611,30.6246111
104.0741944,30.6240278
104.0742778,30.6245
104.0741667,30.6253889
104.0738889,30.6255
104.0748889,30.6258056
104.0762222,30.6259167
104.0775,30.6259722
104.0786111,30.6261389
104.0801667,30.6263333
104.0813611,30.6264722
104.0816111,30.6261111
104.0815278,30.6254722
104.0814722,30.6246944
104.0813611,30.6236111
104.0811667,30.6223889
104.0807778,30.6212222
104.0805278,30.6202222
104.0804722,30.6198889
104.0804722,30.6198889
104.0804722,30.6198889
104.0804722,30.6198889
104.0804722,30.6198889
104.0804722,30.6198889
104.0796944,30.6143056
104.0796944,30.6143056
104.0800278,30.61425
104.0808333,30.6140278
104.0818333,30.61375
104.083,30.6135556
104.0831944,30.61375
104.0824167,30.61375
104.0818056,30.6138889
104.0805278,30.6142778
104.0794444,30.6145556
104.0788611,30.6139722
104.0786111,30.6129167
104.0783889,30.6118889
104.0782222,30.611
104.0787778,30.6103333
104.0796111,30.6095556
104.0809167,30.60925
104.0825,30.6088611
104.0837222,30.6087778
104.0853889,30.6086667
104.0870556,30.6085556
104.0889167,30.6084167
104.0908056,30.6082778
104.0921111,30.6081389
104.0932222,30.6080556
104.0943889,30.608
104.0956944,30.6080278
104.0960833,30.6088056
104.0964167,30.6099167
104.0968333,30.6111389
104.0969722,30.6123056
104.0968889,30.6129444
104.0968333,30.6133889
104.0967222,30.6142778
104.0965833,30.6156111
104.0964444,30.6171111
104.0963056,30.61825
104.0963611,30.61825
104.0963889,30.6182222
104.0964444,30.6182222
104.0963611,30.6186389
104.0962222,30.6196944
104.0960556,30.6209722
104.096,30.6217778
104.0959722,30.6219167
104.0959167,30.6221944
104.0958056,30.6231667
104.0955833,30.6246944
104.0950278,30.6255833
104.095,30.6255833
104.0950278,30.6255833
104.0950278,30.6255833
104.0950278,30.6255833
104.0950278,30.6255833
104.0950278,30.6255833
104.0950278,30.6255833
104.0946111,30.6259722
104.0940556,30.6265278
104.09325,30.6271667
104.0920833,30.6276944
104.0915833,30.6280556
104.0916111,30.6288889
104.0916389,30.6295
104.0910833,30.6292778
104.0906111,30.6288611
104.09,30.6283611
104.0894167,30.6285
104.0889167,30.6280556
104.0883333,30.6270556
104.088,30.6261389
104.0871667,30.6250278
104.0865833,30.6244167
104.0866111,30.6236667
104.0865,30.6230833
104.0855,30.6230278
104.0840556,30.6230278
104.0824444,30.623
104.0809167,30.6229722
104.0791944,30.6229444
104.0776389,30.6229167
104.0760278,30.6228889
104.0745556,30.6228611
104.0731944,30.6228333
104.0716111,30.6228056
104.0704167,30.6227778
104.0698056,30.6228056
104.0694444,30.6228611
104.0692222,30.6233889
104.0691667,30.6240833
104.0691667,30.6240833
104.0691667,30.6240833
104.0691667,30.6240833
104.0691667,30.6240833
104.0691667,30.6240833
104.0691667,30.6240833
104.0691667,30.6240833
104.0691667,30.6240833
104.0691944,30.628
104.0691944,30.6281111
104.0691111,30.6288333
104.0691111,30.6296944
104.0698611,30.6302222
104.0706111,30.6301944
104.071,30.63025
104.071,30.6304167
104.0709722,30.6306389
104.0709167,30.6306944
104.0709444,30.6305833
104.0709722,30.6304722
104.0710556,30.6304444
104.0717222,30.6304722
104.0726389,30.6305556
104.0733056,30.6305278
104.0738889,30.6303611
104.0739722,30.6294444
104.0740278,30.6283889
104.0739444,30.6276111
104.0729722,30.6275833
104.0719444,30.6275833
104.0710556,30.6275833
104.0709444,30.6279722
104.0708611,30.6285278
104.0709167,30.6289722
104.0709444,30.6293611
104.0709722,30.6297222
104.0709444,30.6300556
104.0707222,30.6301667
104.0696667,30.6301389
104.0691389,30.6301667
104.0690278,30.6304722
104.0690278,30.6311944
104.0689444,30.6316944
104.0683889,30.6316389
104.0675278,30.6316389
104.0669444,30.6317222
104.0668333,30.6318889
104.0661111,30.6318889
104.0650833,30.6318611
104.0644167,30.6318056
104.0641944,30.6326667
104.0641944,30.6336111
104.0641389,30.6344444
104.0640833,30.6351111
104.0640278,30.6354722
104.0640278,30.6354722
104.0640556,30.6354444
104.0640833,30.6354444
104.0640833,30.6354444
104.0640833,30.6355833
104.0640833,30.6356944
104.0640556,30.63575
104.0640278,30.6357778
104.064,30.6358611
104.064,30.6358333
104.064,30.6358611
104.0632778,30.6359444
104.0619444,30.6358889
104.0603889,30.6358611
104.0588889,30.6358056
104.0573889,30.6357778
104.05625,30.63575
104.0548889,30.6357222
104.0535556,30.6356944
104.0525278,30.6356667
104.05225,30.6354722
104.052,30.6348056
104.0516667,30.6333056
104.0513611,30.6325278
104.0511389,30.6320556
104.0511944,30.6320556
104.0511944,30.6318056
104.0506667,30.6310833
104.0502222,30.6304167
104.0496389,30.6295556
104.0496389,30.6295556
104.0496389,30.6295556
104.0496389,30.6295556
104.0496389,30.6295556
104.0496389,30.6295556
104.0496389,30.6295556
104.0496389,30.6295556
104.0496389,30.6295556
104.0496389,30.6295556
104.0496389,30.6295556
104.0496389,30.6295556
104.0532778,30.62725
104.0535556,30.6272222
104.0543889,30.6271944
104.0549722,30.6272222
104.0549722,30.6272778
104.0551389,30.6272778
104.0558889,30.6272778
104.0570278,30.6273056
104.0581944,30.6273333
104.0593889,30.6273611
104.0598611,30.6275278
104.0598056,30.6280833
104.0597222,30.6291944
104.0596944,30.63
104.0596944,30.6304444
104.0595278,30.6304167
104.0588889,30.6303889
104.0582222,30.6303611
104.0577222,30.6304444
104.0573056,30.6303889
104.0568333,30.6303333
104.0563056,30.6303056
104.0559722,30.6303889
104.0559722,30.6310278
104.0560278,30.6316667
104.056,30.6317222
104.056,30.6317222
104.0559722,30.6318056
104.0554722,30.6318889
104.0546111,30.6318333
104.0534444,30.6317778
104.0526389,30.6317778
104.0521389,30.6316944
104.0521389,30.6316111
104.0521389,30.6315833
104.0521667,30.6314167
104.0522222,30.6310278
104.0524444,30.6309722
104.0529167,30.6310278
104.0535278,30.6309444
104.0539444,30.6309722
104.0545833,30.6308611
104.0546944,30.6302778
104.0548611,30.6300278
104.0556111,30.6299444
104.0557778,30.63
104.0558889,30.6305556
104.0560278,30.6314444
104.0561389,30.6318889
104.0570556,30.6319444
104.0578611,30.6318889
104.05875,30.6319167
104.0597222,30.6318889
104.0597778,30.63125
104.0597778,30.6303889
104.0598056,30.62975
104.0598056,30.6291944
104.0598056,30.6285
104.0598889,30.6275833
104.0593333,30.6271944
104.0586667,30.6271667
104.05775,30.6271667
104.0568056,30.6271389
104.0563333,30.6271944
104.0560833,30.6271667
104.0557778,30.6271944
104.05575,30.6272222
104.05575,30.6272222
104.0557222,30.62725
104.0556667,30.6272778
104.0556389,30.6273056
104.0556111,30.62725
104.0554167,30.62725
104.0553889,30.6270278
104.0553889,30.6269167
104.0553611,30.6268333
104.0554167,30.6268889
104.0555278,30.6271667
104.0556389,30.6279722
104.0558056,30.6295556
104.0556389,30.6299167
104.0550278,30.6299167
104.0543056,30.63
104.0525833,30.6299722
104.0518889,30.6299444
104.0510556,30.6303611
104.0501111,30.6304444
104.0496667,30.6304444
104.04875,30.6309167
104.0480556,30.63125
104.0476111,30.6314722
104.0469444,30.6318056
104.0466389,30.6321944
104.0473056,30.6330556
104.0480278,30.6340833
104.0485833,30.6348889
104.0491389,30.6357222
104.0494722,30.63625
104.0491944,30.636
104.0485833,30.6350833
104.0480556,30.6340278
104.0474167,30.6328889
104.0467778,30.6319444
104.0259722,30.6415833
104.0259722,30.6415833
104.0259722,30.6415833
104.0259722,30.6415833
104.0259722,30.6415833
104.0259722,30.6415833
104.0259722,30.6415833
104.0259722,30.6415833
104.0259722,30.6415833
103.9967778,30.632
103.997,30.6321389
103.9976944,30.6325278
103.9985556,30.6329167
104.0003611,30.63375
104.0016389,30.6344722
104.0048889,30.6360278
104.0065556,30.6368333
104.0081389,30.6375
104.0101389,30.6382778
104.0106944,30.6384722
104.0106667,30.6384722
104.0106667,30.6384444
104.0106667,30.6384444
104.0106667,30.6384444
104.0106944,30.6384722
104.0114444,30.63875
104.0129167,30.6393333
104.0143611,30.6399167
104.0148611,30.6401667
104.0148611,30.6401667
104.0148611,30.6401667
104.0148611,30.6401667
104.0153056,30.6404167
104.0162778,30.6411111
104.0178333,30.64225
104.0178333,30.64225
104.0178333,30.64225
104.0178333,30.64225
104.0178333,30.64225
104.0180278,30.6423889
104.0189167,30.6430833
104.0201944,30.6440556
104.0213889,30.6448611
104.0221389,30.6453889
104.0228056,30.6459444
104.0235556,30.6465
104.0242778,30.647
104.025,30.6475
104.0251111,30.6475556
104.0250833,30.6475833
104.0250833,30.6476111
104.0254722,30.6478333
104.0266111,30.6481389
104.0274167,30.6481111
104.0273889,30.6480833
104.0274167,30.6480556
104.0277778,30.6480556
104.0286111,30.6480278
104.0293333,30.6480278
104.0303333,30.6480278
104.0309167,30.6477778
104.0310278,30.6470556
104.0311111,30.6466111
104.0311944,30.6465
104.0313611,30.6457778
104.0315278,30.645
104.03175,30.6439444
104.0321944,30.6418333
104.0803056,30.6384722
104.0803056,30.6384722
104.0803056,30.6384444
104.0803056,30.6384722
104.0803056,30.6384722
104.0803889,30.6384722
104.0805278,30.6386111
104.0805,30.6386944
104.0806111,30.6387778
104.0806667,30.6387778
104.0805,30.6390556
104.08025,30.64
104.0813611,30.6401389
104.0825833,30.6403889
104.0838056,30.6408611
104.08475,30.6413889
104.0856111,30.6418889
104.0866389,30.6425556
104.0874444,30.6430556
104.0883333,30.6438056
104.0889167,30.6447778
104.0895833,30.6458333
104.0901944,30.6468056
104.0906667,30.6475833
104.0907222,30.6476667
104.09075,30.64775
104.09075,30.6477222
104.09075,30.6477222
104.09075,30.6477222
104.09075,30.6477222
104.09075,30.6477222
104.09075,30.6477222
104.09075,30.6477222
104.0910833,30.64825
104.0911944,30.6484444
104.0913889,30.6487222
104.0919722,30.64975
104.0925833,30.6508056
104.0931667,30.65175
104.0941389,30.65325
104.0949167,30.6545
104.0956111,30.6556389
104.0961111,30.6564444
104.0968056,30.6575278
104.0976667,30.6589167
104.0982778,30.6599167
104.0991111,30.66125
104.0995,30.6618611
104.0995,30.6618889
104.0997222,30.6622778
104.0998889,30.6638611
104.0998889,30.6645
104.0995,30.6654444
104.099,30.6665833
104.0984167,30.6679444
104.098,30.6690556
104.0976111,30.6700278
104.0972778,30.6708889
104.0972778,30.6708889
104.0972778,30.6708889
104.0972778,30.6708889
104.0972778,30.6708889
104.0972778,30.6708889
104.0972778,30.6708889
104.0972778,30.6708889
104.0972778,30.6708889
104.0972778,30.6708889
104.0913889,30.6796944
104.0900278,30.6803333
104.08925,30.6806944
104.0886667,30.681
104.0886667,30.6809722
104.0884722,30.6810833
104.0883333,30.6811667
104.0878333,30.6814444
104.08725,30.6817222
104.0866389,30.6820278
104.0865556,30.682
104.0865556,30.682
104.0866389,30.6820556
104.0866389,30.6820278
104.0866389,30.6820278
104.0866667,30.6820278
104.0866944,30.6820278
104.0866944,30.6820278
104.0863611,30.6821944
104.0856389,30.6825278
104.0843611,30.6831667
104.0832778,30.68375
104.08275,30.6840278
104.0819444,30.6843611
104.0813056,30.6845833
104.0804167,30.6849167
104.0795,30.68525
104.0783333,30.6856667
104.0771667,30.6861111
104.0763889,30.6863889
104.0758889,30.6865833
104.0748056,30.6869444
104.0735,30.6874167
104.0733889,30.6874444
104.0734167,30.6874444
104.0734167,30.6874444
104.0734167,30.6874444
104.0731667,30.6875278
104.0719722,30.6879722
104.0712222,30.68825
104.0704722,30.6883333
104.06925,30.6883333
104.0679167,30.6883611
104.0666944,30.6883611
104.0654167,30.6883611
104.0646944,30.6883611
104.0646111,30.6883889
104.0646111,30.6883889
104.0646389,30.6883889
104.0646389,30.6883889
104.0646389,30.6883889
104.0646389,30.6883889
104.0646389,30.6883889
104.0646389,30.6883889
104.064,30.6883889
104.0631389,30.6883889
104.0620278,30.6883611
104.0609722,30.6883889
104.0596111,30.6883889
104.0583889,30.6883889
104.0573611,30.6883889
104.0565278,30.6883333
104.0558611,30.6881944
104.0556111,30.6881389
104.0551111,30.6880556
104.0544167,30.6878889
104.0533889,30.6876667
104.0517778,30.6873056
104.0487778,30.6866944
104.0472222,30.6863889
104.0457778,30.6860833
104.0443333,30.68575
104.0429444,30.6850833
104.0413611,30.68275
104.0405833,30.6815278
104.0398056,30.6802222
104.0390556,30.6789722
104.0384167,30.6778611
104.038,30.6766667
104.0378889,30.6753611
104.0379444,30.6740833
104.0379722,30.6727222
104.0380833,30.6699722
104.0381944,30.6685278
104.0383056,30.6676389
104.03825,30.666
104.0382778,30.6646389
104.0383056,30.6633889
104.0383889,30.6596667
104.0384167,30.6584444
104.0384444,30.65725
104.0385,30.6561389
104.0385278,30.6556389
104.0385278,30.6556389
104.0385278,30.6556111
104.0385278,30.6556111
104.0385278,30.6551667
104.0385278,30.6541667
104.0385556,30.6534722
104.0385833,30.6526111
104.0386111,30.65075
104.0386667,30.64975
104.03875,30.6491389
104.0387778,30.6491111
104.0388333,30.6491111
104.0388333,30.6491111
104.0388056,30.6490833
104.0388333,30.6490833
104.0388333,30.6490833
104.0388333,30.6491111
104.0387778,30.6486944
104.03875,30.648
104.03875,30.6471944
104.0387778,30.64625
104.0387778,30.6454167
104.03875,30.6447778
104.0386389,30.6445833
104.0383333,30.6441667
104.0376667,30.6438611
104.0366389,30.6434444
104.0360833,30.64325
104.0360833,30.64325
104.0360833,30.64325
104.036,30.6432222
104.0355278,30.6429722
104.0346389,30.6423889
104.0336944,30.6416944
104.0328333,30.6410833
104.0321667,30.6405833
104.0314167,30.64
104.0308056,30.6395278
104.0306111,30.6393333
104.0305556,30.6393333
104.0305833,30.6393333
104.0305278,30.6392778
104.0298611,30.6388056
104.0291667,30.6383333
104.0286667,30.6379444
104.0276944,30.6373889
104.0267778,30.6367778
104.0258889,30.6362778
104.0249444,30.6356667
104.0245278,30.6349444
104.0241389,30.6339722
104.02375,30.6329444
104.0232778,30.6318611
104.0226667,30.6311667
104.0218056,30.6304167
104.0206667,30.6293611
104.0198333,30.6286111
104.0194444,30.6282778
104.0194444,30.6282778
104.0194444,30.6282778
104.0191111,30.6279722
104.0185278,30.6272778
104.0178333,30.6264444
104.0170556,30.6255556
104.0161944,30.6245556
104.0153056,30.6235
104.0149167,30.6230833
104.0149167,30.6230833
104.0149167,30.6230833
104.0149167,30.6231111
104.0138889,30.6220556
104.0130556,30.6212222
104.0115,30.6203333
104.0105,30.6210833
104.0093056,30.6219444
104.008,30.6228611
104.0065833,30.6238333
104.0053333,30.6247222
104.0042778,30.6254722
104.0031389,30.6262778
104.0019722,30.6270833
104.0009722,30.6276389
103.9997222,30.6286389
103.9985833,30.6296389
103.9977222,30.6307778
103.99775,30.6319167
103.9973611,30.6329722
103.9960556,30.6332222
103.9953611,30.6322778
103.9942222,30.6311944
103.9929444,30.6306111
103.9915278,30.6298889
103.9905556,30.6294167
103.9893889,30.6288611
103.9876667,30.62825
103.9873333,30.6291111
103.9866111,30.6312222
103.9862222,30.6323056
103.9858611,30.6333611
103.9855556,30.6343333
103.9856111,30.6350556
103.9865556,30.6354722
103.9875833,30.6358889
103.9876944,30.636
103.9876944,30.636
103.9876667,30.6360278
103.9876944,30.6361389
103.9876111,30.6360833
103.9875556,30.6361944
103.9875556,30.6361944
103.9907778,30.6399722
103.9916389,30.6391111
103.9923611,30.6380278
103.9928611,30.6374167
103.9937778,30.6360556
103.9947222,30.6346667
103.9955278,30.6333889
103.9967778,30.6314167
103.9978333,30.6298333
103.9989167,30.6288056
104.0008611,30.6274167
104.0026389,30.6261944
104.0046111,30.6248333
104.0065833,30.6234722
104.0079722,30.6225
104.0100278,30.6210833
104.0116111,30.6198333
104.0129167,30.6187778
104.0145556,30.6173889
104.0161944,30.6159444
104.0180556,30.6144167
104.0200556,30.6132222
104.0225556,30.6118889
104.0242778,30.6109722
104.0263611,30.6098333
104.0288056,30.6085278
104.0304444,30.6076389
104.0325833,30.6065
104.0348056,30.6052778
104.0360278,30.6045278
104.0373611,30.6036389
104.0389722,30.6026944
104.0409167,30.6018333
104.0424167,30.6013611
104.0449167,30.6008056
104.0468056,30.6006111
104.0483889,30.6005833
104.0508333,30.6006111
104.0529167,30.6006389
104.0545833,30.6006111
104.0591667,30.6005278
104.0615833,30.6004722
104.0639167,30.6004444
104.0656111,30.6004167
104.0679444,30.6003889
104.0701111,30.6003333
104.0715833,30.6003333
104.0737778,30.6003056
104.0759167,30.6002778
104.0773611,30.60025
104.0793333,30.5999444
104.0815556,30.5994444
104.0836667,30.5989722
104.0856667,30.5985278
104.08825,30.5979722
104.0907222,30.5974167
104.0925,30.5970556
104.0949444,30.5969722
104.0971944,30.5972222
104.0991111,30.5974444
104.1013333,30.5976944
104.1033611,30.5979167
104.1053889,30.5981389
104.1079167,30.5984167
104.1096389,30.5986111
104.1118333,30.5988333
104.1145,30.5991389
104.1162222,30.5993333
104.1183333,30.5995833
104.12075,30.6003333
104.1226667,30.6012778
104.1242222,30.6020556
104.1266944,30.6033056
104.1282778,30.6041111
104.1300833,30.6050278
104.1320278,30.6061111
104.1345833,30.6084722
104.1358889,30.6102778
104.1370278,30.6118056
104.13825,30.6135278
104.13925,30.6149444
104.1412778,30.6176944
104.1412778,30.6176944
104.1412778,30.6176944
104.1464722,30.6305833
104.1474722,30.6325278
104.1481111,30.63375
104.1488333,30.6352222
104.1496389,30.6368889
104.1502222,30.6380833
104.1509167,30.6395
104.1515278,30.6407222
104.1519444,30.6416389
104.1523333,30.6425
104.1528611,30.6439167
104.1533056,30.6451667
104.1536111,30.6460556
104.1541667,30.6477222
104.1546667,30.6490833
104.1555278,30.6517222
104.1559444,30.6529167
104.1566111,30.6548333
104.15725,30.6567778
104.1578889,30.6584722
104.1583889,30.6599167
104.1589722,30.6615278
104.1595556,30.6632778
104.1601111,30.6648056
104.1605,30.6661389
104.1607222,30.6673611
104.1608056,30.6685
104.1607778,30.6695
104.1605833,30.6718333
104.1606944,30.6731389
104.1615278,30.673
104.1606944,30.6723056
104.1595,30.6720833
104.1574722,30.6717222
104.156,30.6713889
104.154,30.671
104.1514722,30.6705278
104.1498889,30.67025
104.1478889,30.6699167
104.1456111,30.6695833
104.1435278,30.6696667
104.1418889,30.6701111
104.13975,30.6712778
104.1380556,30.6725278
104.1367222,30.6735278
104.1355278,30.6743889
104.1353333,30.6745556
104.1353333,30.6745556
104.1353333,30.6745833
104.1353333,30.6745556
104.1351944,30.6746667
104.1350556,30.6747778
104.1350556,30.67475
104.1348611,30.6748333
104.1346667,30.6743056
104.1346111,30.6732222
104.1345833,30.6718056
104.1345278,30.6704722
104.1343889,30.6693889
104.1340278,30.6683056
104.1335556,30.6671111
104.1326667,30.6660833
104.1321111,30.6654444
104.1300556,30.6634444
104.1289167,30.6625833
104.1287778,30.6625278
104.1287778,30.6625278
104.1233333,30.6603333
104.1233611,30.6603611
104.1228611,30.6601667
104.1215,30.6595833
104.1205556,30.6591667
104.1193611,30.6586667
104.1178611,30.6580278
104.1165556,30.6574444
104.1154722,30.6569167
104.1139722,30.6561667
104.1131389,30.6555833
104.1128056,30.6553611
104.1128056,30.6553611
104.1128056,30.6553611
104.1126944,30.6553056
104.1124167,30.6553056
104.1124444,30.6595556
104.1125,30.6604167
104.1123889,30.6616944
104.112,30.6627778
104.1116944,30.6635278
104.1113056,30.6643889
104.1111111,30.6648889
104.1109444,30.6653333
104.1106111,30.66625
104.1104167,30.6667778
104.1103333,30.6670278
104.1100278,30.66775
104.1097222,30.6684167
104.1095556,30.6688889
104.1095,30.6689444
104.1093611,30.6694167
104.1078056,30.6731944
104.1078056,30.6731944
104.1078056,30.6731944
104.1077778,30.6731667
104.1077778,30.6731667
104.1077778,30.6731389
104.1077778,30.6731389
104.1076111,30.6735
104.1074722,30.6740278
104.1070556,30.6750833
104.1065833,30.6761389
104.1061667,30.6772222
104.1058889,30.6778611
104.1055278,30.6785
104.1050556,30.6793611
104.1045556,30.6801667
104.1043333,30.6805833
104.1041389,30.6809167
104.1037222,30.6816667
104.1034167,30.6821389
104.1033056,30.6823333
104.1033056,30.6823333
104.1033056,30.6823333
104.1033056,30.6823333
104.1033056,30.6823333
104.1033056,30.6823611
104.1030833,30.6827778
104.1026111,30.6836389
104.1020278,30.6846667
104.1016111,30.6854444
104.1010556,30.6865278
104.1003611,30.6878056
104.0983611,30.6888056
104.0971111,30.6893889
104.0956667,30.6900556
104.0945,30.6906389
104.0937222,30.691
104.0937222,30.691
104.0865,30.6945
104.0854167,30.695
104.0843889,30.6955278
104.0834444,30.6960278
104.0819444,30.6967222
104.0802778,30.6969167
104.0785556,30.6969444
104.0752222,30.6969722
104.0739444,30.697
104.0728611,30.6970278
104.0716944,30.6970278
104.0708889,30.6970278
104.0708333,30.6970278
104.0708333,30.6970278
104.0708611,30.6970278
104.0708611,30.6970278
104.0708611,30.6970278
104.0708611,30.6970278
104.0706111,30.6970278
104.0699722,30.6970278
104.0693056,30.6970556
104.0679722,30.6970556
104.0676111,30.6970556
104.0676111,30.6970556
104.0676111,30.6970556
104.0676111,30.6970556
104.0571667,30.6971389
104.0559444,30.6971667
104.05575,30.6971667
104.05575,30.6971667
104.0553611,30.6971667
104.0545833,30.6971667
104.0535278,30.6971944
104.0523056,30.6971944
104.0513611,30.6971389
104.0500833,30.6970833
104.0486944,30.697
104.0475556,30.6969167
104.0455833,30.6968333
104.0436111,30.6965556
104.04225,30.6961111
104.04125,30.6956389
104.0402222,30.6950556
104.0373889,30.6925833
104.0365556,30.6918611
104.0354722,30.6909167
104.0344167,30.6900278
104.0331389,30.689
104.0323333,30.6882778
104.0314167,30.6874722
104.03,30.6862778
104.0286667,30.6851111
104.0276111,30.6841944
104.0260556,30.6828889
104.0250278,30.682
104.0243333,30.6813611
104.0238333,30.6809444
104.02375,30.6808611
104.0237222,30.6808333
104.0235,30.6806389
104.02325,30.6804167
104.0226944,30.6799722
104.022,30.6793889
104.0213611,30.6788611
104.0208611,30.6783889
104.02025,30.6777778
104.0195,30.6767222
104.019,30.6754444
104.0188889,30.6745556
104.0189167,30.6736944
104.0189444,30.6734444
104.0189444,30.6734444
104.0189444,30.67325
104.019,30.6725556
104.0190278,30.6714444
104.0190556,30.6700278
104.0190833,30.6691111
104.0190833,30.6681111
104.0191667,30.667
104.01925,30.6653889
104.0212222,30.6644444
104.0192778,30.6623056
104.0192778,30.6612778
104.0192778,30.6600556
104.0192778,30.6596389
104.0193611,30.6586389
104.0193889,30.6574722
104.0194444,30.6560556
104.0195,30.6545
104.0195556,30.6529167
104.0196111,30.6510833
104.0196667,30.64975
104.0197778,30.6481111
104.0203611,30.6469444
104.0216667,30.6456389
104.0229722,30.6443056
104.0239444,30.6433333
104.0251389,30.6421389
104.0262222,30.6410278
104.027,30.6401667
104.02775,30.6394444
104.02825,30.6388889
104.0283333,30.6388333
104.0283333,30.6388333
104.0283333,30.6388611
104.0283333,30.6388611
104.0286389,30.6385556
104.0289167,30.6383056
104.0290278,30.6381944
104.0290278,30.6381667
104.0290278,30.6381667
104.0290278,30.6381944
104.0290278,30.6381944
104.0290278,30.6381944
104.0290278,30.6382222
104.0290278,30.63825
104.0294167,30.6383611
104.0301667,30.6389167
104.031,30.6395556
104.0318333,30.6401944
104.03275,30.6409167
104.0337222,30.6416667
104.0345833,30.6423056
104.0353333,30.6428056
104.0355556,30.6429167
104.0355556,30.6429167
104.0355556,30.6429167
104.0359444,30.6429167
104.0361111,30.6421944
104.03625,30.6413056
104.0363611,30.6403889
104.0364167,30.6397778
104.0365278,30.6390833
104.0366944,30.6383056
104.0368611,30.6378333
104.0375556,30.6375833
104.0383889,30.6372222
104.0390556,30.6368611
104.0396111,30.6366111
104.0406389,30.6361111
104.0415556,30.6356667
104.0421389,30.6354167
104.0423333,30.6350833
104.04225,30.6344444
104.0421389,30.6338056
104.042,30.6330833
104.0418611,30.6324167
104.0417222,30.6316667
104.0416389,30.63125
104.0416111,30.6311944
104.04225,30.6309444
104.04325,30.6308056
104.0444722,30.6306389
104.0453611,30.6304722
104.0453611,30.6301944
104.0449167,30.6294444
104.0444167,30.6286389
104.0438611,30.6278056
104.0433056,30.6273333
104.0433333,30.6267778
104.0441667,30.6270556
104.0454167,30.6268889
104.04675,30.62625
104.0481944,30.6255278
104.0497778,30.62475
104.0506944,30.6243056
104.0511944,30.6240556
104.0517778,30.6237778
104.0526389,30.6233611
104.0536111,30.6228889
104.0546389,30.6225278
104.0556111,30.6223333
104.0568333,30.6223056
104.0580833,30.6223333
104.0591667,30.6223611
104.0605278,30.6223889
104.0620278,30.6224722
104.0637778,30.6225
104.0657222,30.6225556
104.0673056,30.6225833
104.0684444,30.6226111
104.0686111,30.6226111
104.0686111,30.6226111
104.0686111,30.6226111
104.0688333,30.6226111
104.0693889,30.6226111
104.0701944,30.6226111
104.0711389,30.6226389
104.0720278,30.6226389
104.0722778,30.6226667
104.0728056,30.6226944
104.0734444,30.6226944
104.0736944,30.6227222
104.0736944,30.6227222
104.0736944,30.6227222
104.0736944,30.6227222
104.0810278,30.6228889
104.0824167,30.6229167
104.0836944,30.6229444
104.0854722,30.623
104.0869444,30.6230278
104.0881944,30.6230278
104.0894444,30.6230556
104.09025,30.6230556
104.0908056,30.6230833
104.0915833,30.6231389
104.0918611,30.6231944
104.0921111,30.62325
104.0928056,30.6236111
104.0936667,30.6244444
104.0941389,30.6251111
104.0943889,30.6254167
104.0943889,30.6254167
104.0945556,30.6256389
104.0949167,30.6261389
104.0954444,30.6268056
104.0958889,30.6274167
104.0964444,30.6281667
104.0967222,30.6285278
104.0967222,30.6285556
104.0967222,30.6285278
104.0967222,30.6285278
104.0967222,30.6285278
104.0967222,30.6285278
104.0967222,30.6285278
104.0968611,30.6287222
104.0973056,30.6293056
104.0976111,30.6297778
104.0981111,30.6305833
104.0985833,30.6313611
104.0991667,30.63225
104.0996944,30.6331111
104.1002778,30.6340556
104.1005278,30.6344444
104.1005833,30.6345556
104.1005833,30.6345556
104.1005833,30.6345278
104.1005833,30.6345278
104.1042222,30.6404167
104.1042222,30.6404167
104.1042222,30.6404167
104.1042222,30.6404167
104.1044444,30.64075
104.1048889,30.6415278
104.1053889,30.6423611
104.1060556,30.6433056
104.1066111,30.6442222
104.1071667,30.6451389
104.1077222,30.646
104.1084722,30.6472222
104.1093611,30.6486389
104.1100278,30.6498056
104.1107778,30.6510278
104.1113611,30.6518889
104.1117222,30.6524444
104.1117778,30.6525278
104.1117778,30.6525
104.1119444,30.6528889
104.1121944,30.6535278
104.1123889,30.6543333
104.1123889,30.6550278
104.1124167,30.65575
104.1124167,30.6560278
104.1124444,30.6563333
104.1124167,30.6568889
104.1124444,30.6577778
104.1124444,30.6589444
104.1124444,30.6597778
104.1124444,30.6606944
104.1123611,30.66175
104.1119167,30.6629167
104.1115278,30.6638889
104.1112778,30.6644444
104.1112778,30.6644444
104.1112778,30.6644444
104.1111111,30.66475
104.1111111,30.66475
104.1111111,30.66475
104.1111111,30.66475
104.1111111,30.66475
104.1111111,30.66475
104.1111111,30.66475
104.11075,30.6647778
104.1099444,30.6645278
104.1087222,30.6641944
104.108,30.6640556
104.1065556,30.6641111
104.1050278,30.6641944
104.1039167,30.6642778
104.1035,30.6648889
104.1032222,30.6656667
104.1029444,30.6665278
104.1027222,30.6672222
104.1023333,30.66825
104.1019722,30.6691111
104.1018333,30.6695278
104.1015,30.6703889
104.1012778,30.6708889
104.1010833,30.6713889
104.1005833,30.6714722
104.0999722,30.6712778
104.099,30.6709722
104.0983333,30.6707778
104.0978611,30.6706389
104.0978056,30.6706389
104.0977778,30.6706389
104.0977778,30.6706111
104.0977778,30.6706111
104.0977778,30.6706111
104.0976944,30.6705833
104.0972222,30.6704444
104.0964722,30.6701667
104.0956667,30.6699722
104.0954167,30.6698889
104.0954167,30.6698611
104.0954167,30.6698611
104.0953889,30.6698611
104.09525,30.6698056
104.0947222,30.6697222
104.0944167,30.6701389
104.0941111,30.6708889
104.09375,30.67175
104.0934444,30.6725278
104.0931944,30.6730833
104.0929722,30.6736667
104.0923889,30.6737222
104.0914444,30.6734167
104.0903889,30.6730833
104.0896944,30.6728889
104.0888056,30.6727222
104.0881389,30.673
104.0881111,30.6730278
104.0881111,30.6730278
104.0881111,30.6730278
104.0881111,30.6730278
104.0862222,30.6739444
104.0858056,30.6742778
104.0853889,30.6744722
104.0851667,30.6745833
104.0851667,30.6745833
104.0836944,30.6753333
104.0836944,30.6753333
104.0829167,30.6769444
104.0833889,30.6776389
104.08375,30.6781667
104.0837778,30.6782222
104.0837778,30.67825
104.0841111,30.6783333
104.0849444,30.6779722
104.0859444,30.6775
104.0867222,30.6771111
104.0874722,30.67675
104.0881389,30.6763889
104.0888056,30.6760278
104.0894444,30.6756111
104.0890278,30.6749722
104.0885556,30.6741111
104.088,30.6734722
104.0874722,30.6728889
104.0869722,30.6721111
104.0864444,30.6713333
104.0860278,30.6706944
104.0855278,30.6699722
104.0850278,30.6697778
104.0841111,30.6701667
104.0830833,30.6706667
104.0824722,30.6709444
104.0822778,30.6713056
104.0827778,30.6720278
104.0832222,30.6726667
104.0834444,30.6729722
104.0836389,30.6732222
104.0836944,30.6733889
104.08375,30.6739444
104.0833889,30.6744444
104.0825556,30.6748611
104.0815,30.6748611
104.0806667,30.6745
104.0801944,30.6741944
104.0795556,30.6735278
104.0790556,30.6729444
104.0789722,30.6728611
104.0788889,30.67275
104.0789444,30.6724722
104.0793611,30.6723056
104.0802778,30.6719722
104.0809722,30.6716667
104.0819167,30.6712222
104.0818611,30.6706389
104.0813611,30.6697778
104.0807222,30.6694444
104.0803611,30.6685556
104.0799167,30.6685278
104.0789444,30.6689444
104.0778333,30.6694167
104.0769722,30.6696944
104.0765833,30.6696111
104.0761389,30.6688889
104.0758611,30.6682778
104.0764444,30.6679167
104.07725,30.6675278
104.0779444,30.6672222
104.079,30.6667222
104.0798889,30.6663333
104.0808056,30.6659444
104.0808889,30.6656111
104.0804444,30.6648333
104.0800833,30.6642222
104.0793611,30.6641944
104.0784444,30.6646111
104.0774722,30.6650833
104.0766944,30.6654444
104.0764444,30.6659722
104.0761111,30.6663056
104.0752778,30.6666944
104.0751389,30.6667222
104.0751389,30.6666944
104.0751389,30.6666667
104.0751389,30.6666667
104.0751111,30.6666389
104.0751111,30.6666389
104.0751111,30.6666389
104.0749722,30.6666944
104.0745278,30.6663889
104.0741667,30.6658333
104.0736111,30.6649722
104.0730556,30.6640833
104.0724444,30.6631667
104.0721389,30.6623611
104.0723333,30.6621944
104.0730556,30.6618056
104.0736944,30.6618611
104.0741667,30.6624722
104.0745833,30.6631667
104.075,30.6638056
104.07575,30.6635556
104.0766944,30.6631389
104.0769444,30.663
104.0769444,30.663
104.0769444,30.663
104.0769444,30.663
104.0769444,30.663
104.0769444,30.663
104.0769444,30.663
104.0769444,30.663
104.0769444,30.663
104.0769444,30.663
104.075,30.6610833
104.075,30.6610833
104.075,30.6610833
104.075,30.6610833
104.0691667,30.661
104.0691667,30.661
104.0691667,30.661
104.0691667,30.661
104.0691667,30.661
104.0601667,30.6607778
104.0589167,30.6607778
104.05825,30.6611111
104.0582222,30.6619722
104.0581944,30.6628056
104.0580833,30.6640556
104.0580833,30.6652778
104.0580556,30.6663333
104.058,30.6670278
104.058,30.6676389
104.0579167,30.6685278
104.0578056,30.6686944
104.05775,30.6688611
104.0581111,30.6692778
104.059,30.6693611
104.0596111,30.6692222
104.0596944,30.6683056
104.0598611,30.6676944
104.0608611,30.6676944
104.0621944,30.6677222
104.0633056,30.66775
104.06425,30.6678333
104.0652222,30.6678333
104.0658889,30.6678611
104.0661667,30.6673889
104.0660833,30.6663333
104.06625,30.6653889
104.0662778,30.6645833
104.0663611,30.6634444
104.0663611,30.6623333
104.0664167,30.6613333
104.0660556,30.6608611
104.0651944,30.6608611
104.0649167,30.6613333
104.0648889,30.6620833
104.0647222,30.6626389
104.0633056,30.664
104.0629167,30.6639722
104.0623889,30.6635556
104.0619167,30.6628611
104.0616667,30.6619444
104.0616944,30.6610556
104.0616944,30.661
104.0616944,30.661
104.0616944,30.661
104.0616944,30.661
104.0617222,30.6605278
104.06175,30.6595278
104.0623056,30.6588056
104.06325,30.6588333
104.0633889,30.6588056
104.0633889,30.6588333
104.0633889,30.6588333
104.0636667,30.6588333
104.0645278,30.6588611
104.0661667,30.6588611
104.0676667,30.6589722
104.0681111,30.6589167
104.0680833,30.6589167
104.0684167,30.65875
104.0688056,30.6581111
104.0695833,30.6578611
104.0707778,30.65725
104.0719444,30.6566389
104.07325,30.656
104.0746111,30.6554167
104.0753611,30.6551111
104.0753611,30.6551111
104.0753333,30.6551111
104.0753611,30.6550833
104.0758611,30.6549444
104.0763611,30.6545556
104.0770556,30.6542222
104.07825,30.6536389
104.0792222,30.6530278
104.0789444,30.6523056
104.0786944,30.6516111
104.0784444,30.6509167
104.07775,30.6512222
104.0768889,30.6517222
104.0761111,30.6521389
104.0751667,30.6526944
104.0747222,30.6532222
104.0751944,30.6538611
104.0755833,30.6543611
104.0756944,30.6546389
104.0749167,30.6552778
104.0738333,30.6558056
104.0725833,30.6564167
104.0718889,30.65675
104.0721667,30.6574722
104.0728056,30.6583056
104.0734444,30.6591389
104.074,30.6598333
104.0745833,30.6604167
104.0748611,30.6607778
104.0757222,30.6605556
104.0767778,30.6600556
104.0779444,30.6596111
104.0786944,30.6592778
104.0792778,30.6595
104.0797222,30.6602222
104.08025,30.6611111
104.0805,30.6616944
104.0810556,30.6625278
104.0813889,30.6630556
104.0816111,30.6634722
104.0821389,30.6643333
104.0827222,30.66525
104.0832222,30.6660278
104.0833333,30.6661944
104.0833333,30.6661944
104.0833611,30.6661667
104.0833611,30.6661667
104.0834444,30.6665278
104.0828056,30.6669444
104.0819444,30.6673056
104.0807222,30.6678889
104.0800833,30.6681944
104.0800833,30.6681944
104.0800833,30.6681944
104.0800833,30.6681944
104.0768889,30.6698333
104.0758889,30.67025
104.0745556,30.6708056
104.0733889,30.6713333
104.0722222,30.6718611
104.0716667,30.6720556
104.0711667,30.6716389
104.0706944,30.6709444
104.0700833,30.6708611
104.0690833,30.6713333
104.0686667,30.6715278
104.0685278,30.6715833
104.0685278,30.6715833
104.0683056,30.6715278
104.0681667,30.6709167
104.0681389,30.67025
104.0681944,30.6698611
104.0681944,30.6698611
104.0681944,30.6698611
104.0681944,30.6698611
104.0681944,30.6698611
104.0681944,30.6698611
104.0681944,30.6698611
104.0681944,30.6698611
104.0681944,30.6698611
104.0681944,30.6698611
104.0684722,30.6620278
104.0684167,30.6613611
104.0684167,30.6613333
104.0683889,30.6613611
104.0683889,30.6613611
104.0683889,30.6613889
104.0683889,30.6613889
104.0683889,30.6613889
104.0683889,30.6613889
104.0681667,30.6570833
104.0681944,30.6570833
104.0682222,30.6570833
104.0682222,30.6570833
104.0681944,30.6570556
104.0678611,30.6564722
104.0671111,30.6555
104.0661389,30.6550556
104.0649722,30.6551111
104.0641944,30.6550556
104.0641667,30.6550556
104.0641389,30.6550833
104.0636111,30.6550833
104.0625,30.6550556
104.06125,30.6551111
104.0601389,30.6554722
104.0591667,30.6560556
104.0583611,30.6567778
104.0583611,30.6577778
104.0594444,30.6582778
104.059,30.6590556
104.0587222,30.6601389
104.0575278,30.6606944
104.0562222,30.6607222
104.05525,30.6613333
104.0544167,30.6621111
104.0540556,30.6624167
104.0540556,30.6624167
104.0535833,30.6628333
104.0524444,30.6632778
104.0508056,30.6632778
104.0489444,30.6635
104.0471667,30.6641111
104.0456667,30.6648056
104.0443333,30.6654722
104.043,30.6661389
104.0418333,30.6667222
104.0405,30.6674722
104.0395278,30.6679722
104.0389722,30.66825
104.0388889,30.6683056
104.0387778,30.6681389
104.0396389,30.6676667
104.0406389,30.6671944
104.0418056,30.6666111
104.04225,30.6661944
104.04225,30.66625
104.0423056,30.6662778
104.0426944,30.6661389
104.0435833,30.6657222
104.0446667,30.6651389
104.0443889,30.6645278
104.0439167,30.6636944
104.0433333,30.6625833
104.0425833,30.6611944
104.0431667,30.6593611
104.0439444,30.6580556
104.0445278,30.6571389
104.04575,30.6561389
104.0470833,30.6556667
104.0486389,30.6554167
104.0495278,30.6553056
104.0501667,30.6555833
104.0508333,30.6564444
104.0516389,30.6575556
104.0523333,30.6585278
104.0529444,30.659
104.0537222,30.6584444
104.0547222,30.6577778
104.05575,30.6571111
104.0561944,30.6564444
104.0564167,30.6559444
104.0572778,30.6553056
104.0570833,30.6546389
104.0565556,30.65375
104.0557778,30.65375
104.0548056,30.6543611
104.0539444,30.6547778
104.0533889,30.6543889
104.0524722,30.6539722
104.0524167,30.6538889
104.0526667,30.6535
104.0532778,30.6528611
104.0538333,30.6522778
104.0544722,30.65175
104.0545,30.6517222
104.0544722,30.6517222
104.0544722,30.65175
104.0544722,30.6517222
104.0549722,30.6517222
104.0555833,30.6524167
104.0563333,30.6533889
104.0569444,30.6543056
104.0575278,30.6552778
104.0581667,30.6563333
104.0587778,30.6561944
104.0599167,30.6555278
104.0610278,30.6551111
104.0610556,30.6544167
104.0603611,30.6534722
104.0597222,30.6525
104.0591111,30.6521944
104.0582222,30.6525833
104.0571389,30.6531111
104.0565278,30.6534444
104.0565278,30.6534444
104.0565278,30.6534444
104.0565,30.6534167
104.0565,30.6534167
104.0565,30.6534167
104.0565,30.6534167
104.0565,30.6534167
104.0565,30.6534167
104.0565,30.6534167
104.0565,30.6534167
104.0538889,30.6503889
104.0539167,30.6500556
104.0545,30.6496944
104.0551944,30.64925
104.0560833,30.6489444
104.057,30.6488333
104.0570833,30.6481667
104.0569722,30.6481111
104.0574722,30.6487222
104.0583056,30.6484444
104.0594167,30.6479167
104.0602778,30.6475556
104.0611944,30.6471944
104.0624444,30.6466389
104.0635556,30.6462778
104.0635556,30.6462778
104.0635556,30.6462778
104.0635556,30.6462778
104.0635556,30.6462778
104.0635556,30.6462778
104.0635556,30.6462778
104.0635556,30.6462778
104.0635556,30.6462778
104.0651944,30.6529167
104.0656667,30.6535278
104.0659167,30.6539444
104.0663611,30.6537222
104.0671389,30.6533889
104.0673611,30.6528333
104.0668889,30.6519167
104.0665833,30.6510278
104.0673056,30.6509167
104.0683333,30.6511667
104.0689444,30.6517778
104.0694722,30.6523056
104.0704167,30.6516667
104.0713333,30.6510556
104.0721667,30.6505
104.0724444,30.6495278
104.0724167,30.6483333
104.0724167,30.6477778
104.0723889,30.6478056
104.0723889,30.6478056
104.0723889,30.6478056
104.0723889,30.6478056
104.0724444,30.6473333
104.0724444,30.6467778
104.0718333,30.6468889
104.0716389,30.64675
104.0715833,30.6465278
104.0711667,30.6458333
104.0706667,30.6449444
104.0708333,30.6437222
104.0708056,30.6427222
104.07075,30.6413333
104.0707222,30.6403889
104.0705278,30.6394444
104.0697778,30.6393889
104.0682778,30.6396667
104.0669167,30.6398056
104.0654167,30.6397778
104.0643333,30.6397778
104.0640278,30.6399167
104.0640556,30.6408056
104.0640278,30.6420833
104.0639722,30.6433333
104.0639722,30.6443056
104.0639167,30.6453611
104.0641667,30.6459722
104.0649167,30.6456389
104.0651389,30.6455278
104.0651389,30.6455278
104.0651389,30.6455278
104.0651389,30.6455278
104.0691944,30.6451389
104.0699167,30.6451667
104.0709167,30.6451389
104.0716944,30.6451389
104.0723611,30.6449167
104.0724444,30.6449444
104.0724722,30.6449444
104.07275,30.6449444
104.0728333,30.6453056
104.0726944,30.6461944
104.0725556,30.6471667
104.0720833,30.6476667
104.0709722,30.6476667
104.0695278,30.6478056
104.0680833,30.6479444
104.0665833,30.6481111
104.06525,30.6483611
104.0641944,30.6486389
104.064,30.6486389
104.0640278,30.6485833
104.0640278,30.6485833
104.0640278,30.6485833
104.0640278,30.6485833
104.0640278,30.6485833
104.0640278,30.6485833
104.0640278,30.6486111
104.0640278,30.6486111
104.064,30.6486111
104.064,30.6486111
104.0637778,30.6486111
104.0631944,30.6486944
104.06225,30.6488333
104.0611389,30.6489167
104.0598889,30.6488333
104.05875,30.6488889
104.0578611,30.6490278
104.0578056,30.6495
104.0578889,30.6497778
104.0575,30.6491944
104.0571389,30.64875
104.0566944,30.6477778
104.0562222,30.6470278
104.0553333,30.6457222
104.0548611,30.6448611
104.0540556,30.6435
104.0532222,30.6421111
104.05325,30.6413056
104.0542778,30.6408889
104.0549444,30.6404167
104.0545833,30.63975
104.0540278,30.6386944
104.0536667,30.6376667
104.0538333,30.6370833
104.0540833,30.6372222
104.05475,30.6372778
104.0555278,30.6370556
104.0561389,30.6372222
104.0566389,30.6377222
104.0577222,30.6372222
104.0585,30.6371111
104.0589722,30.6376944
104.0593889,30.6383056
104.0595833,30.6385833
104.0601944,30.6385278
104.0605278,30.6391389
104.0596389,30.6396111
104.0587222,30.6398333
104.0581667,30.6400278
104.0581389,30.6406111
104.0583056,30.6419167
104.0586389,30.643
104.0593056,30.644
104.0597778,30.6459167
104.0603333,30.6466944
104.0606389,30.6470556
104.0605833,30.6471111
104.0605833,30.6471111
104.0609722,30.64725
104.06175,30.6469444
104.0628056,30.6465
104.0636667,30.6458889
104.06375,30.6447778
104.0638056,30.6433333
104.0638611,30.6421389
104.0638889,30.6408056
104.0638056,30.6396944
104.0638333,30.6384444
104.0636667,30.6373333
104.0624722,30.6373611
104.0609722,30.6379722
104.0599722,30.6384167
104.0586111,30.6390556
104.0574167,30.6396111
104.0574444,30.6395833
104.0574444,30.6395556
104.0569722,30.6397778
104.0559444,30.64025
104.0551389,30.6406944
104.0548056,30.6408056
104.0538889,30.6412222
104.0526111,30.6418056
104.0513611,30.6423611
104.0501389,30.6428611
104.0490556,30.6433611
104.0479444,30.6438056
104.0468333,30.6443333
104.0459444,30.6448056
104.0461944,30.6453889
104.0466667,30.6460278
104.0471389,30.6466111
104.0475278,30.6474722
104.0485278,30.6474167
104.0495278,30.6478611
104.0505833,30.6483056
104.0516667,30.6485
104.0527222,30.6483056
104.0538889,30.6481389
104.0551111,30.648
104.0562222,30.6477778
104.0563889,30.6471111
104.0562778,30.6463333
104.0556944,30.6453056
104.0550278,30.6444722
104.0543333,30.6436944
104.05375,30.6428889
104.0531667,30.642
104.0499722,30.64175
104.0499722,30.64175
104.0510556,30.6423611
104.0510278,30.6423333
104.051,30.6423333
104.0505556,30.6425278
104.0496111,30.643
104.0489444,30.6433889
104.0481944,30.6436389
104.0473889,30.644
104.0466389,30.6444167
104.0458056,30.6447778
104.0448889,30.6451944
104.0438889,30.6456944
104.0431667,30.646
104.0424444,30.6459167
104.0416667,30.6455556
104.0404167,30.6450278
104.0394722,30.6445556
104.0394722,30.6445556
104.0383889,30.6444167
104.0383611,30.6444167
104.0383611,30.6444444
104.0383611,30.6444722
104.0383611,30.6444722
104.0383611,30.6445
104.0386944,30.6446389
104.0395,30.6448056
104.0403333,30.6451389
104.0409722,30.6453056
104.0415278,30.6447222
104.04225,30.644
104.0428333,30.6437222
104.0433333,30.6436944
104.0443056,30.6431667
104.0450278,30.643
104.0454722,30.6434167
104.0459444,30.6441667
104.046,30.6443889
104.046,30.6443889
104.0480556,30.6438056
104.0486111,30.6436389
104.0492222,30.6433611
104.0499444,30.6430556
104.05075,30.6426389
104.0510833,30.6420833
104.05075,30.6413611
104.0502778,30.6404444
104.0507222,30.6400833
104.0513611,30.6398611
104.0512778,30.6393611
104.05075,30.6384722
104.0502222,30.6376389
104.0495278,30.6370833
104.0485833,30.6373889
104.0479167,30.6377222
104.0473889,30.6380833
104.0463611,30.6385833
104.0450833,30.6391944
104.0440278,30.6396667
104.0426667,30.6403056
104.0413889,30.6411111
104.04025,30.6422222
104.0393333,30.64325
104.0388611,30.6444722
104.0388611,30.6459722
104.0388333,30.6470833
104.0388333,30.6481111
104.0388056,30.6487222
104.0388333,30.6496389
104.0387778,30.65075
104.03875,30.6519444
104.0386944,30.6531111
104.0387222,30.6539444
104.0395,30.6541389
104.0406944,30.6542222
104.0420278,30.6541667
104.04325,30.6541667
104.0439167,30.6542222
104.0438056,30.65475
104.0432778,30.6557222
104.0424444,30.6566389
104.0416111,30.6571111
104.0405278,30.6575556
104.0393611,30.6576389
104.0386111,30.65775
104.0385278,30.6583611
104.0385,30.6593333
104.0386667,30.6598889
104.0394167,30.6601111
104.0403056,30.6605278
104.0410278,30.6606944
104.0416667,30.6605556
104.0420556,30.6604444
104.0425,30.6601667
104.0430278,30.6595833
104.0434722,30.6588056
104.0435556,30.6578889
104.0437222,30.6568889
104.0440556,30.6558056
104.0445556,30.6549167
104.0448889,30.6543056
104.0444444,30.6542222
104.0441944,30.6540278
104.0448611,30.6534722
104.0458333,30.6533333
104.0470833,30.6533611
104.0483333,30.6536111
104.0495278,30.6541111
104.0506389,30.6541667
104.0515556,30.65375
104.05225,30.6529444
104.0527778,30.6520278
104.0534444,30.6511944
104.0539722,30.6505833
104.0535278,30.6499722
104.0526944,30.6493611
104.0516389,30.6488611
104.0505278,30.6483611
104.0494722,30.6478889
104.0486944,30.6475556
104.048,30.6472222
104.0478056,30.6471111
104.0477778,30.6470833
104.0474444,30.6469444
104.0468056,30.6467778
104.0457222,30.6466667
104.0445556,30.6465278
104.0435833,30.6463611
104.0433611,30.6462778
104.0433611,30.6462778
104.0433611,30.6462778
104.0429444,30.6461111
104.0421111,30.64575
104.0409167,30.6452222
104.0397778,30.64475
104.0394167,30.6445556
104.0388056,30.6443056
104.03775,30.6439444
104.0367222,30.6435
104.0355278,30.6429444
104.0344444,30.64225
104.0331667,30.6413333
104.0327778,30.6410556
104.0325,30.6410556
104.03225,30.6417222
104.0320833,30.6423611
104.0319444,30.6429722
104.0318056,30.6436111
104.0318056,30.6438056
104.0323333,30.644
104.0331667,30.6440833
104.0339444,30.64425
104.0345833,30.6443056
104.0351111,30.644
104.0351944,30.6438056
104.0351667,30.6438056
104.0351111,30.64425
104.0351111,30.6448611
104.0351111,30.6456389
104.0350833,30.6463611
104.0351667,30.6469167
104.0356667,30.6468889
104.0362778,30.6470278
104.0368056,30.6470833
104.0374167,30.6471389
104.0375278,30.6471667
104.0375278,30.6471667
104.0375278,30.6471667
104.0375278,30.6471667
104.0376111,30.6457222
104.0370278,30.6456944
104.0363056,30.6456389
104.0356111,30.6456944
104.0351111,30.6456389
104.0351111,30.6442778
104.0348056,30.6442222
104.0348611,30.6442222
104.0349722,30.6443333
104.0350556,30.6441111
104.0350833,30.6433056
104.0351111,30.643
104.035,30.6427222
104.0346389,30.6423611
104.0339444,30.6418611
104.03275,30.6419167
104.03225,30.6421944
104.0318611,30.6421389
104.0311667,30.6419722
104.0305,30.6419167
104.0299722,30.6415
104.0293611,30.6410278
104.0286667,30.6414722
104.0280833,30.642
104.0273333,30.64275
104.02675,30.6434444
104.0274167,30.644
104.0281944,30.6445
104.0296667,30.6454722
104.0305833,30.6459722
104.0314444,30.6463611
104.0323056,30.6466667
104.0331111,30.6468611
104.0330833,30.6472778
104.0329722,30.6475278
104.0328611,30.648
104.0327222,30.6484722
104.0328611,30.6489444
104.0331111,30.6494444
104.0330833,30.6497778
104.0325278,30.6500278
104.032,30.6501389
104.0313611,30.6502222
104.0314444,30.6501389
104.0325556,30.6501111
104.0332222,30.6498333
104.03425,30.6496111
104.0353056,30.6491667
104.0362222,30.64875
104.0369722,30.6485833
104.0377778,30.6485833
104.03825,30.6486111
104.0378611,30.6486111
104.0368611,30.6486389
104.0358611,30.6488333
104.0351111,30.6491389
104.0349167,30.6496944
104.0348611,30.6504722
104.0346111,30.6512778
104.0336389,30.6512778
104.0328056,30.6513056
104.0327222,30.6507222
104.0326389,30.6502222
104.0318611,30.6501389
104.0307778,30.6501667
104.0300556,30.6501944
104.0291944,30.6501944
104.0284444,30.6501944
104.0276944,30.6501667
104.0276389,30.6495833
104.0278333,30.649
104.0276667,30.6481667
104.0269444,30.6481111
104.0260278,30.648
104.0254167,30.6477222
104.0247778,30.64825
104.0243889,30.6491389
104.0243889,30.6500278
104.0243611,30.6510833
104.0243611,30.6518611
104.0242778,30.6526389
104.0254444,30.6532778
104.0262778,30.6533333
104.0273889,30.6533333
104.0295,30.6533056
104.0305556,30.6533333
104.0316944,30.6533333
104.0331389,30.6532778
104.0344722,30.6533056
104.0354722,30.6535278
104.0365,30.6538333
104.0375833,30.6541111
104.0381944,30.6541111
104.0383333,30.6541111
104.0383611,30.6541111
104.0383889,30.6541111
104.0384722,30.6541111
104.0385833,30.6541111
104.0385556,30.6541111
104.0385556,30.6541111
104.0386389,30.6541944
104.0386667,30.6549444
104.0386389,30.6561389
104.0385833,30.6573889
104.0385278,30.6586111
104.0385,30.6595556
104.0385,30.6595556
104.0385,30.6595556
104.0385,30.6595556
104.0364167,30.6601667
104.0358056,30.6603889
104.0351389,30.6609444
104.0345833,30.6618056
104.0343889,30.6625278
104.0344722,30.6631111
104.0346667,30.6635
104.0340556,30.6638889
104.0336944,30.6643611
104.0331111,30.6647778
104.0317778,30.6650278
104.0303611,30.6651111
104.0286111,30.6650833
104.0270833,30.6650278
104.0260556,30.665
104.0250278,30.6649167
104.0238889,30.6648889
104.0228333,30.6648333
104.0216667,30.6648333
104.0211389,30.6643889
104.0215556,30.6635556
104.0221944,30.6627778
104.0231667,30.6621944
104.0240278,30.6618056
104.025,30.66125
104.0255,30.66075
104.0252778,30.6605556
104.0246111,30.6600556
104.0239444,30.6595556
104.0236111,30.6593611
104.0236389,30.6593611
104.0236389,30.6593611
104.0239444,30.6595556
104.0244444,30.6599444
104.0251111,30.6604167
104.0255278,30.66075
104.025,30.6612778
104.0241944,30.6617778
104.02325,30.6621667
104.0223889,30.6627222
104.0216111,30.6635
104.02125,30.6641944
104.0211389,30.6644444
104.0211111,30.6644167
104.0211111,30.6644167
104.0211667,30.6644444
104.0211111,30.6646111
104.0204167,30.6648056
104.0198889,30.6648056
104.0198889,30.6648056
104.0198889,30.6648056
104.0196111,30.6648056
104.0191111,30.6643333
104.0191111,30.6640556
104.0191111,30.6640556
104.0191111,30.6640556
104.0191111,30.6640556
104.0191111,30.6640556
104.0191111,30.6640556
104.0191111,30.6640556
104.0191111,30.6640556
104.0191111,30.6640556
104.0194444,30.6561667
104.0194444,30.6561667
104.0194444,30.6561667
104.0194444,30.6561667
104.0194444,30.6561667
104.0194444,30.6561667
104.0194444,30.6561667
104.0233889,30.6535833
104.0245,30.6533611
104.0257778,30.6533611
104.02725,30.6533333
104.0286667,30.6533333
104.0301389,30.6533333
104.03175,30.6533333
104.0329167,30.6533611
104.0338611,30.6533611
104.0342778,30.6533611
104.0342778,30.6533611
104.0343889,30.6533611
104.0349167,30.6534167
104.0358611,30.6536667
104.0367778,30.6539167
104.03775,30.6541389
104.0386944,30.6544444
104.0386667,30.6557222
104.0386111,30.6572222
104.0385278,30.6586944
104.0385,30.6599167
104.0384444,30.6616944
104.0384167,30.6632222
104.0383611,30.6646667
104.0383056,30.6658611
104.0382778,30.6668333
104.0382222,30.6681111
104.0380556,30.6691667
104.0381667,30.6706944
104.0381389,30.6716667
104.0388056,30.6718611
104.0398056,30.6713889
104.0409167,30.6708333
104.0419167,30.6703333
104.0424444,30.6704167
104.0428056,30.671
104.0432778,30.6718056
104.0438611,30.6721667
104.0445556,30.6718056
104.0454444,30.6713889
104.0462222,30.671
104.0473056,30.6704722
104.0483611,30.67
104.0491667,30.6696111
104.0492778,30.6695556
104.0494444,30.6694722
104.0501111,30.6691389
104.0513056,30.6687778
104.0524167,30.6681667
104.0535278,30.6676111
104.0537222,30.6673056
104.0536944,30.6666111
104.0544444,30.6665556
104.0554167,30.6662778
104.0565556,30.666
104.0575278,30.66575
104.058,30.6655556
104.0580278,30.6646944
104.0580833,30.6638611
104.0575833,30.6636111
104.0566944,30.6638611
104.0556111,30.6641944
104.0548056,30.6644722
104.0544167,30.6648611
104.0538611,30.6655
104.0536944,30.6663611
104.0536389,30.6672778
104.0535556,30.6681667
104.0534722,30.6691667
104.0538889,30.6701667
104.0537222,30.6705556
104.0534167,30.6705556
104.0533056,30.6705
104.0533056,30.6705278
104.05325,30.6705
104.0532222,30.6705278
104.05325,30.6711944
104.0535833,30.6720556
104.0541389,30.6729722
104.0545833,30.6738889
104.0549722,30.6745
104.0551389,30.6746944
104.0551667,30.6746667
104.0551667,30.6746667
104.05525,30.6747778
104.0555833,30.6753611
104.0561111,30.6761389
104.0569444,30.6772222
104.0580278,30.6781944
104.0577778,30.6777222
104.05775,30.6770833
104.0577222,30.6766389
104.0577222,30.6762778
104.05775,30.6757778
104.0577778,30.6751389
104.0578056,30.6746111
104.0578056,30.6745
104.0578056,30.6744167
104.0578056,30.6742778
104.0578611,30.6740556
104.0584444,30.6736389
104.0594167,30.6732778
104.0605278,30.6726944
104.06175,30.6721111
104.0625833,30.67175
104.0626944,30.6717222
104.0626944,30.67175
104.0626944,30.67175
104.0627222,30.6717778
104.0626944,30.6717778
104.0627222,30.6718056
104.06275,30.6718333
104.06275,30.6718333
104.0630833,30.67175
104.0635833,30.6721944
104.0638611,30.6725556
104.0639167,30.6726944
104.0640278,30.6726944
104.0640278,30.6726944
104.0640278,30.6726944
104.0653611,30.6746111
104.0653611,30.6746111
104.0653611,30.6746111
104.0653611,30.6746389
104.0653611,30.6746389
104.0653611,30.6746389
104.0653333,30.6746389
104.0653333,30.6746389
104.0653611,30.6746389
104.0656667,30.6750278
104.0662778,30.6759167
104.0670833,30.677
104.0680833,30.6783056
104.0688889,30.6793611
104.0694167,30.6798611
104.0703889,30.6795278
104.0711667,30.6792778
104.0723056,30.6788611
104.0737222,30.6783889
104.0749167,30.6779722
104.0763056,30.6773889
104.0775,30.6767222
104.0786111,30.6761389
104.0795556,30.6755833
104.0805278,30.6749722
104.0811944,30.6748889
104.0818333,30.67525
104.0821667,30.67575
104.0821944,30.6758056
104.0821111,30.6760833
104.0811944,30.6765556
104.0800833,30.6771667
104.0788611,30.6777222
104.0778611,30.6782778
104.0764444,30.6789444
104.0755278,30.6793611
104.0758889,30.6804722
104.0764722,30.6805556
104.0772778,30.68025
104.0783611,30.68125
104.0790556,30.6823056
104.0797222,30.6833056
104.0803889,30.6842778
104.081,30.6850833
104.0814722,30.6858611
104.0822222,30.6870278
104.0825833,30.6876111
104.0831944,30.6885
104.0838333,30.6895
104.0843889,30.6903333
104.0850833,30.6913889
104.0856944,30.6923056
104.0864167,30.6933889
104.0868333,30.694
104.08725,30.6940833
104.0878889,30.6937222
104.0881111,30.6936111
104.0881111,30.6936111
104.0881111,30.6936111
104.0881111,30.6935833
104.0880833,30.6935833
104.0881389,30.69375
104.0876389,30.6940278
104.0873056,30.6941944
104.0873333,30.6941944
104.0873333,30.6941944
104.0873333,30.6941944
104.0873333,30.6941944
104.0873333,30.6941944
104.08725,30.6942222
104.0867222,30.6944722
104.0857222,30.6949444
104.0846111,30.6955278
104.0835278,30.6960556
104.0823889,30.6965833
104.0811944,30.6969444
104.0798056,30.6969722
104.0786389,30.6969722
104.0769722,30.697
104.0754722,30.6970278
104.0740556,30.6970278
104.07275,30.6970278
104.0715278,30.6970556
104.0709167,30.6969722
104.0706944,30.6966667
104.0707222,30.6958889
104.0707222,30.6951389
104.0707222,30.6941111
104.0706944,30.6934444
104.0706667,30.693
104.07025,30.6926667
104.0693056,30.6926944
104.0684722,30.69275
104.0675833,30.69275
104.0671389,30.6925556
104.0671389,30.6918611
104.0670833,30.6909444
104.0671111,30.6905278
104.0671111,30.69
104.0671667,30.6891389
104.0660556,30.6883333
104.0647778,30.6883611
104.0638611,30.6884167
104.0636667,30.6890833
104.0636667,30.6901389
104.0636944,30.691
104.0636944,30.6919722
104.0636944,30.6928333
104.0636944,30.6934722
104.0637222,30.694
104.0637222,30.6946667
104.0637222,30.6951667
104.06375,30.6956111
104.0636667,30.6954167
104.0636667,30.6934444
104.0636667,30.6926111
104.0636389,30.6918056
104.0630556,30.6916389
104.062,30.6916944
104.0609444,30.6917222
104.0605278,30.6913889
104.0605,30.6906944
104.0605,30.6899167
104.0604722,30.6893333
104.0604722,30.6891944
104.0604722,30.6891944
104.0604722,30.6891944
104.0604722,30.6891944
104.0604722,30.6891944
104.0604722,30.6891944
104.0604722,30.6891944
104.0604722,30.6891389
104.0604722,30.6886111
104.05975,30.6884167
104.0586389,30.6884167
104.0575278,30.6883889
104.0569167,30.6883889
104.0568056,30.6883889
104.0566389,30.6883611
104.0565833,30.6883611
104.0565556,30.6883611
104.0565556,30.6883611
104.0565556,30.6883611
104.0565556,30.6881667
104.0569167,30.6876111
104.0574167,30.68675
104.0579444,30.6856944
104.0585,30.6845833
104.0587778,30.6838889
104.0580278,30.6835556
104.0570556,30.6831111
104.0560833,30.6826944
104.0549722,30.6822222
104.0540278,30.6818611
104.0535278,30.6822778
104.0532222,30.6826944
104.0531667,30.6828056
104.0530833,30.6828889
104.0533056,30.6825833
104.0536944,30.6820278
104.0536944,30.6816389
104.0536389,30.6816111
104.0532778,30.6814722
104.0521944,30.6819444
104.0500833,30.6860833
104.0501389,30.6859444
104.0503056,30.6853056
104.0505278,30.6845
104.0508056,30.6834167
104.0511944,30.6825
104.05225,30.6818611
104.0529444,30.6814167
104.0528333,30.6809444
104.052,30.6804444
104.0509722,30.6799722
104.0501111,30.6794722
104.0493889,30.679
104.04875,30.6786944
104.0479722,30.6792222
104.0471667,30.67975
104.0468611,30.6799722
104.0468611,30.6799722
104.0468611,30.6799722
104.0468611,30.68
104.0461389,30.6805
104.0451111,30.6813333
104.0439722,30.6824167
104.0432222,30.6832778
104.0427222,30.6838056
104.0425833,30.684
104.0426111,30.684
104.0426111,30.6839722
104.0426111,30.6839722
104.0426111,30.6839722
104.0426111,30.6839722
104.0423333,30.6843056
104.0417222,30.6851111
104.0409167,30.6861667
104.0399444,30.6875
104.0391389,30.6884167
104.0382222,30.6894444
104.0376667,30.6902222
104.0371111,30.6908889
104.03725,30.6915
104.0364444,30.6915833
104.0368056,30.6909722
104.0373333,30.6903056
104.0379167,30.6896389
104.0385556,30.6889167
104.0389722,30.6883889
104.0390833,30.6880833
104.0390556,30.6881111
104.0391944,30.6880833
104.0395278,30.68775
104.03925,30.6871944
104.0386944,30.6865833
104.0380278,30.6859167
104.0374444,30.6852778
104.0368333,30.6846111
104.0363889,30.6841111
104.0363333,30.6840278
104.0363333,30.684
104.0363611,30.684
104.0363611,30.684
104.0363611,30.684
104.0362778,30.6839167
104.0359444,30.6835
104.0354444,30.6828889
104.0345833,30.6820833
104.0339444,30.6813333
104.0337778,30.6811667
104.0337778,30.6811389
104.0337778,30.6811389
104.03375,30.6811667
104.03375,30.6811667
104.03375,30.6811667
104.03375,30.6811667
104.0337778,30.6811667
104.0337222,30.6811111
104.034,30.68075
104.03625,30.6796667
104.0377778,30.6788889
104.0388889,30.6783333
104.0399444,30.6778333
104.0410278,30.6773056
104.04175,30.677
104.0418056,30.6769722
104.0418056,30.6769722
104.0418056,30.677
104.0422778,30.6767778
104.0431389,30.6763611
104.0443611,30.6757778
104.0452222,30.67525
104.0455833,30.6748056
104.0456667,30.6739167
104.0458611,30.6728611
104.0460556,30.6716667
104.0461111,30.6713333
104.0461389,30.6712222
104.0461944,30.6705556
104.0456667,30.66975
104.0450833,30.6687222
104.0445,30.6677222
104.0437778,30.6666944
104.0434722,30.6661389
104.0438889,30.6656389
104.0446667,30.6651667
104.0444444,30.6646667
104.0440833,30.6640833
104.0432778,30.6625556
104.0428889,30.6618889
104.0425278,30.6611667
104.0422222,30.6606389
104.0425833,30.6600833
104.0432222,30.6592778
104.04375,30.6584444
104.0441389,30.65775
104.0446389,30.6569722
104.04525,30.6564722
104.0463333,30.6558611
104.0473611,30.6555833
104.04825,30.6555556
104.0494722,30.6552778
104.0509167,30.6548889
104.0521111,30.6541667
104.0530556,30.6532222
104.0539444,30.6523056
104.0548889,30.6515556
104.0561389,30.6509444
104.0573056,30.6507222
104.0578889,30.6503889
104.0579167,30.6503333
104.0579167,30.6503333
104.0578889,30.6503611
104.0578889,30.6503611
104.0578889,30.6503611
104.0580278,30.6502778
104.0587778,30.6499444
104.0598333,30.6497778
104.0608611,30.6498056
104.0619722,30.6498333
104.0631667,30.6498611
104.06475,30.6496111
104.0659167,30.6492778
104.0672222,30.6490278
104.0684444,30.6489167
104.0698056,30.6488611
104.0707222,30.6488333
104.0720556,30.6487778
104.07325,30.6486667
104.0740833,30.6485278
104.0753889,30.6483333
104.0765833,30.6478611
104.0775278,30.6473056
104.0780556,30.6469444
104.07825,30.6468333
104.0780833,30.6463333
104.078,30.6462222
104.078,30.6462222
104.0780278,30.6462222
104.0778611,30.6459167
104.0776389,30.6455556
104.0775,30.6452222
104.0774444,30.6450278
104.0771944,30.6445278
104.0769167,30.6438889
104.0769722,30.6433889
104.0776389,30.6431389
104.0785833,30.6428056
104.0796389,30.6424444
104.0805,30.6421667
104.0816389,30.6416944
104.0823611,30.6414722
104.0824722,30.6416389
104.0830556,30.6409167
104.0823056,30.6404167
104.0815,30.64
104.0807222,30.6396111
104.0794444,30.6392778
104.0786667,30.6387778
104.0778611,30.6382778
104.0776389,30.6381667
104.0775833,30.6381389
104.0779722,30.6382222
